23,35
3,2
3,1
3,3
10,138
10,142
10,192
10,162
10,148
10,2
10,3
11,18
11,10
11,14
11,2
11,3
9,6
9,4
9,2
9,3
8,9
8,11
8,4
8,2
8,3
12,2
12,1
12,3
11,28
11,27
11,26
11,25
11,24
11,23
11,22
11,21
11,20
11,1
11,19
10,303
10,302
10,301
10,300
10,299
10,298
10,297
10,296
10,295
10,294
10,293
10,292
10,291
10,290
10,289
10,288
10,287
10,286
10,285
10,284
10,283
10,282
10,281
10,280
10,279
10,278
10,277
10,276
10,275
10,274
10,273
10,272
10,271
10,270
10,269
20,2
10,268
20,1
10,267
20,3
10,266
10,265
10,264
10,263
10,262
10,261
10,260
10,259
10,258
10,257
10,256
10,255
10,254
10,253
10,252
10,251
10,250
10,249
10,248
19,2
10,247
19,1
10,246
19,3
10,245
10,244
10,243
10,242
10,241
